ODOM3D 0 0.0212368168 0.0000009667 0.0000234065 0.0000000001 0.0022220654 0.0000009667 
ODOM3D 1 0.0200241537 0.0000017434 0.0000088175 0.0000000001 0.0010089209 0.0000017434 
ODOM3D 2 0.0230774505 0.0000017584 0.0000098582 0.0000000001 0.0006660058 0.0000017584 
ODOM3D 3 0.0200824307 0.0000018559 -0.0000062674 0.0000000001 -0.0008968202 0.0000018559 
ODOM3D 4 0.0211292579 0.0000021999 -0.0000036513 0.0000000001 0.0001813917 0.0000021999 
ODOM3D 5 0.0206483803 0.0000017247 0.0000062771 0.0000000001 0.0006205029 0.0000017247 
ODOM3D 6 0.0205232228 0.0000017423 0.0000090262 0.0000000001 0.0009138705 0.0000017423 
ODOM3D 7 0.0200192078 0.0000017555 0.0000051457 0.0000000001 0.0005641912 0.0000017555 
ODOM3D 8 0.0215824433 0.0000018696 0.0000033178 0.0000000001 0.0001831222 0.0000018696 
ODOM3D 9 0.0201584188 0.0000018573 -0.0000023375 0.0000000001 -0.0006843813 0.0000018573 
ODOM3D 10 0.0209474324 0.0000015736 -0.0000775532 0.0000000001 -0.0166612998 0.0000015736 
ODOM3D 11 0.0208669221 0.0000018388 -0.0004409947 0.0000000001 -0.0411478377 0.0000018388 
ODOM3D 12 0.0209970015 0.0000021462 -0.0018762718 0.0000000001 -0.1546859194 0.0000021462 
ODOM3D 13 0.0206906095 0.0000019203 -0.0007777638 0.0000000001 -0.0950747114 0.0000019203 
ODOM3D 14 0.0212262969 0.0000018937 -0.0012373629 0.0000000001 -0.1007305601 0.0000018937 
ODOM3D 15 0.0207823148 0.0000020153 -0.0008188194 0.0000000001 -0.0728178075 0.0000020153 
ODOM3D 16 0.0215053488 0.0000019094 -0.0009324009 0.0000000001 -0.0766817383 0.0000019094 
ODOM3D 17 0.0221937884 0.0000013859 -0.0011378329 0.0000000001 -0.0826894758 0.0000013859 
ODOM3D 18 0.0213513267 0.0000014871 -0.0009850764 0.0000000001 -0.1071499942 0.0000014871 
ODOM3D 19 0.0214322004 0.0000018787 -0.0008139987 0.0000000001 -0.0988254685 0.0000018787 
ODOM3D 20 0.0222904900 0.0000019078 -0.0016824373 0.0000000001 -0.1360503409 0.0000019078 
ODOM3D 21 0.0218361522 0.0000019092 -0.0011716013 0.0000000001 -0.0926902481 0.0000019092 
MEAS2D 21 0 1.1197862625 0.0029619727 -0.5201582313 0.0006415315 
ODOM3D 22 0.0207070710 0.0000018940 -0.0016690608 0.0000000001 -0.1367550101 0.0000018940 
MEAS2D 22 0 1.0559673309 0.0031266881 -0.3344155252 0.0003164666 
ODOM3D 23 0.0218219141 0.0000020471 -0.0021867543 0.0000000001 -0.1735401069 0.0000020471 
MEAS2D 23 0 1.1018028259 0.0031712642 -0.1504205614 0.0000596702 
ODOM3D 24 0.0209088315 0.0000021540 -0.0002889919 0.0000000001 -0.0483255401 0.0000021540 
MEAS2D 24 0 1.2365753651 0.0031496505 -0.1000360250 0.0000256915 
ODOM3D 25 0.0207913936 0.0000017356 -0.0008962863 0.0000000001 -0.0867204585 0.0000017356 
MEAS2D 25 0 1.0815353394 0.0030687335 -0.0014213062 0.0000000047 
ODOM3D 26 0.0207420794 0.0000017626 -0.0004777640 0.0000000001 -0.0384201329 0.0000017626 
MEAS2D 26 0 1.0768570900 0.0029589620 0.0561930425 0.0000066907 
ODOM3D 27 0.0206908567 0.0000018481 -0.0000362314 0.0000000001 -0.0022251516 0.0000018481 
MEAS2D 27 0 1.0227484703 0.0028605210 0.0556361265 0.0000073592 
ODOM3D 28 0.0227525357 0.0000017638 -0.0000084746 0.0000000001 -0.0006830546 0.0000017638 
MEAS2D 28 0 1.1073944569 0.0027140414 0.0544674732 0.0000075792 
ODOM3D 29 0.0214287196 0.0000018652 0.0000105551 0.0000000001 0.0019926974 0.0000018652 
MEAS2D 29 0 1.0343565941 0.0025709646 0.0521341525 0.0000070677 
ODOM3D 30 0.0206450472 0.0000017258 0.0000083306 0.0000000001 0.0006619869 0.0000017258 
MEAS2D 30 0 0.9860750437 0.0024570259 0.0473438948 0.0000068981 
ODOM3D 31 0.0231085147 0.0000017352 -0.0000029046 0.0000000001 -0.0002607163 0.0000017352 
MEAS2D 31 0 1.0035218000 0.0023651859 0.0556918308 0.0000069487 
ODOM3D 32 0.0211557737 0.0000018525 -0.0000024104 0.0000000001 -0.0003586865 0.0000018525 
MEAS2D 32 0 0.9312024117 0.0022998864 0.0493791588 0.0000070147 
ODOM3D 33 0.0219132544 0.0000017638 -0.0000077649 0.0000000001 -0.0007575148 0.0000017638 
MEAS2D 33 0 0.9577162862 0.0021911010 0.0516101383 0.0000071921 
ODOM3D 34 0.0207443529 0.0000016756 0.0000022110 0.0000000001 0.0014993328 0.0000016756 
MEAS2D 34 0 0.9451041818 0.0020861106 0.0481974334 0.0000068271 
ODOM3D 35 0.0202544970 0.0000017133 0.0000131489 0.0000000001 0.0007031538 0.0000017133 
MEAS2D 35 0 0.9651368260 0.0020036162 0.0511962064 0.0000065803 
ODOM3D 36 0.0206276393 0.0000018131 -0.0001233237 0.0000000001 -0.0284257881 0.0000018131 
MEAS2D 36 0 0.8755496144 0.0018962950 0.0600098446 0.0000104570 
ODOM3D 37 0.0206386443 0.0000018300 -0.0003501872 0.0000000001 -0.0363896362 0.0000018300 
MEAS2D 37 0 0.8340103030 0.0017976885 0.1067324355 0.0000275961 
ODOM3D 38 0.0210243786 0.0000020294 -0.0009115999 0.0000000001 -0.0647581293 0.0000020294 
MEAS2D 38 0 0.8414557576 0.0016695932 0.1734714657 0.0000751598 
ODOM3D 39 0.0209251577 0.0000018919 -0.0007494872 0.0000000001 -0.0725455176 0.0000018919 
MEAS2D 39 0 0.7811243534 0.0015576902 0.2222014517 0.0001294219 
ODOM3D 40 0.0208767929 0.0000020182 -0.0009618211 0.0000000001 -0.0951502119 0.0000020182 
MEAS2D 40 0 0.7231501937 0.0013967605 0.3153473437 0.0002186257 
ODOM3D 41 0.0211791917 0.0000019214 -0.0008889121 0.0000000001 -0.0876442800 0.0000019214 
MEAS2D 41 0 0.6892797351 0.0012179479 0.3621319830 0.0003278051 
ODOM3D 42 0.0200513670 0.0000019098 -0.0012739370 0.0000000001 -0.1182286930 0.0000019098 
ODOM3D 43 0.0237368134 0.0000018827 -0.0018851458 0.0000000001 -0.1245408693 0.0000018827 
MEAS2D 43 1 0.8663769960 0.0014378829 -0.3045190573 0.0002188166 
ODOM3D 44 0.0207864793 0.0000018899 -0.0006249953 0.0000000001 -0.0635667575 0.0000018899 
MEAS2D 44 1 0.7839824557 0.0014499637 -0.2644477189 0.0001707398 
ODOM3D 45 0.0202320673 0.0000019108 -0.0009240055 0.0000000001 -0.1032190220 0.0000019108 
MEAS2D 45 1 0.7736271620 0.0014543410 -0.1661179215 0.0000745738 
ODOM3D 46 0.0202306011 0.0000019045 -0.0012614440 0.0000000001 -0.1072369735 0.0000019045 
MEAS2D 46 1 0.7913055420 0.0014285328 -0.0936509073 0.0000248549 
ODOM3D 47 0.0215488134 0.0000018836 -0.0006588480 0.0000000001 -0.0666467838 0.0000018836 
MEAS2D 47 1 0.7207031250 0.0013932651 -0.0475949943 0.0000059403 
ODOM3D 48 0.0220029363 0.0000023946 -0.0012058461 0.0000000001 -0.1120416003 0.0000023946 
MEAS2D 48 1 0.7621310353 0.0050354335 0.0353956930 0.0008051033 
MEAS2D 48 2 1.3535103798 0.0050354335 -0.5990521312 0.0008051033 
ODOM3D 49 0.0206165411 0.0000019293 -0.0009895458 0.0000000001 -0.0971128736 0.0000019293 
MEAS2D 49 1 0.6834137440 0.0052631418 0.1157259047 0.0004030730 
MEAS2D 49 2 1.5031794310 0.0052631418 -0.4401374757 0.0004030730 
ODOM3D 50 0.0214379947 0.0000018904 -0.0015952180 0.0000000001 -0.1385773676 0.0000018904 
MEAS2D 50 1 0.6627382636 0.0053517707 0.2127882093 0.0001044047 
MEAS2D 50 2 1.4395703077 0.0053517707 -0.1928558648 0.0001044047 
ODOM3D 51 0.0211375259 0.0000018368 -0.0012911558 0.0000000001 -0.1376164433 0.0000018368 
MEAS2D 51 1 0.6405518651 0.0052771489 0.2735168338 0.0000033295 
MEAS2D 51 2 1.5359222889 0.0052771489 -0.0360585377 0.0000033295 
ODOM3D 52 0.0216621026 0.0000024034 -0.0016797911 0.0000000001 -0.1269716956 0.0000024034 
MEAS2D 52 2 1.3885539770 0.0050605005 0.1361845583 0.0000448400 
ODOM3D 53 0.0218406282 0.0000016742 -0.0003302589 0.0000000001 -0.0340451944 0.0000016742 
MEAS2D 53 2 1.4707887173 0.0049049188 0.2138862759 0.0000992590 
ODOM3D 54 0.0229229543 0.0000016883 0.0000043234 0.0000000001 0.0049020850 0.0000016883 
MEAS2D 54 2 1.4379812479 0.0047360030 0.2123535126 0.0001047487 
ODOM3D 55 0.0220724491 0.0000020299 0.0006514123 0.0000000001 0.0564062418 0.0000020299 
MEAS2D 55 2 1.4036363363 0.0046446780 0.1297071576 0.0000400066 
ODOM3D 56 0.0219573042 0.0000017506 0.0000524975 0.0000000001 0.0029617945 0.0000017506 
MEAS2D 56 2 1.3255023956 0.0045512025 0.1285672784 0.0000382012 
ODOM3D 57 0.0210695592 0.0000025719 0.0000008713 0.0000000001 -0.0003697919 0.0000025719 
MEAS2D 57 2 1.4408994913 0.0044273320 0.1263666600 0.0000382380 
ODOM3D 58 0.0201936616 0.0000017466 -0.0000124825 0.0000000001 -0.0014620894 0.0000017466 
MEAS2D 58 2 1.2926789522 0.0042998749 0.1317430288 0.0000393844 
ODOM3D 59 0.0210661829 0.0000017222 0.0000076759 0.0000000001 0.0018786888 0.0000017222 
MEAS2D 59 2 1.2276279926 0.0041818963 0.1287315935 0.0000386501 
ODOM3D 60 0.0210554807 0.0000017361 0.0000152906 0.0000000001 0.0012982436 0.0000017361 
MEAS2D 60 2 1.2301080227 0.0040358226 0.1168131083 0.0000374357 
ODOM3D 61 0.0207298304 0.0000018582 0.0000100255 0.0000000001 0.0009137960 0.0000018582 
MEAS2D 61 2 1.3267083168 0.0039192867 0.1186156496 0.0000366594 
ODOM3D 62 0.0215647812 0.0000018530 0.0000039265 0.0000000001 0.0001158618 0.0000018530 
MEAS2D 62 2 1.3112070560 0.0037769377 0.1234930754 0.0000365128 
ODOM3D 63 0.0202611120 0.0000018492 -0.0000286079 0.0000000001 -0.0022077731 0.0000018492 
MEAS2D 63 2 1.3068059683 0.0036068500 0.1256306320 0.0000378757 
ODOM3D 64 0.0201096829 0.0000017286 0.0000069915 0.0000000001 0.0012079216 0.0000017286 
MEAS2D 64 2 1.2224822044 0.0035258364 0.1216735318 0.0000365870 
ODOM3D 65 0.0202739846 0.0000016260 0.0000058665 0.0000000001 0.0005711208 0.0000016260 
MEAS2D 65 2 1.2106848955 0.0034463350 0.1188325584 0.0000360835 
ODOM3D 66 0.0216791772 0.0000018562 0.0000192770 0.0000000001 0.0014429214 0.0000018562 
MEAS2D 66 2 1.1423739195 0.0033394438 0.1249580458 0.0000352763 
ODOM3D 67 0.0214465265 0.0000015445 0.0000055042 0.0000000001 0.0004171268 0.0000015445 
MEAS2D 67 2 1.1378228664 0.0032336952 0.1171519011 0.0000348906 
ODOM3D 68 0.0212166950 0.0000017516 -0.0000067619 0.0000000001 -0.0010322257 0.0000017516 
MEAS2D 68 2 1.1974036694 0.0031024856 0.1209477037 0.0000354453 
ODOM3D 69 0.0203464666 0.0000018489 -0.0000094360 0.0000000001 -0.0009752418 0.0000018489 
MEAS2D 69 2 1.0969804525 0.0029997397 0.1254239082 0.0000362055 
ODOM3D 70 0.0202539988 0.0000017294 0.0000385851 0.0000000001 0.0029246639 0.0000017294 
MEAS2D 70 2 1.1090177298 0.0029019967 0.1079029739 0.0000347234 
ODOM3D 71 0.0237111358 0.0000017506 0.0000290558 0.0000000001 0.0019303859 0.0000017506 
MEAS2D 71 2 1.0595444441 0.0027325088 0.1180009544 0.0000335553 
ODOM3D 72 0.0224024764 0.0000019692 0.0000013356 0.0000000001 -0.0003351704 0.0000019692 
MEAS2D 72 2 0.9855858088 0.0025871163 0.1113178134 0.0000336185 
ODOM3D 73 0.0221272152 0.0000016324 -0.0000242707 0.0000000001 0.0001207809 0.0000016324 
MEAS2D 73 2 0.9889065027 0.0024255095 0.1236557737 0.0000339827 
ODOM3D 74 0.0207779036 0.0000018355 0.0000114285 0.0000000001 0.0009489640 0.0000018355 
MEAS2D 74 2 0.8971818089 0.0023578501 0.1128776371 0.0000330600 
ODOM3D 75 0.0212664264 0.0000017498 0.0000223390 0.0000000001 0.0015264149 0.0000017498 
MEAS2D 75 2 0.8703303933 0.0022488500 0.1149693578 0.0000322725 
ODOM3D 76 0.0204049475 0.0000017507 0.0000048703 0.0000000001 0.0003899097 0.0000017507 
MEAS2D 76 2 0.9803620577 0.0021621843 0.1170126349 0.0000319923 
ODOM3D 77 0.0217840484 0.0000017505 -0.0000129227 0.0000000001 -0.0015043442 0.0000017505 
MEAS2D 77 2 0.8472738862 0.0020563977 0.1157029718 0.0000324634 
ODOM3D 78 0.0203630465 0.0000018357 0.0000013994 0.0000000001 0.0016669664 0.0000018357 
MEAS2D 78 2 0.8852236271 0.0018935850 0.1233953610 0.0000317023 
ODOM3D 79 0.0206710339 0.0000017361 0.0000049681 0.0000000001 0.0007644302 0.0000017361 
MEAS2D 79 2 0.8465121984 0.0018341279 0.1090732887 0.0000312639 
ODOM3D 80 0.0206548903 0.0000015446 0.0000153524 0.0000000001 0.0012018659 0.0000015446 
MEAS2D 80 2 0.9041869044 0.0017363915 0.1042434126 0.0000307472 
ODOM3D 81 0.0220118356 0.0000019433 -0.0000458390 0.0000000001 -0.0157701339 0.0000019433 
MEAS2D 81 2 0.8410387635 0.0016203161 0.1152289808 0.0000325589 
ODOM3D 82 0.0202347915 0.0000018050 -0.0002597331 0.0000000001 -0.0344169883 0.0000018050 
MEAS2D 82 2 0.7687436342 0.0015230773 0.1606672108 0.0000560699 
ODOM3D 83 0.0204950125 0.0000018027 -0.0003250767 0.0000000001 -0.0396819879 0.0000018027 
MEAS2D 83 2 0.7988283634 0.0014254303 0.1840057820 0.0000830672 
ODOM3D 84 0.0219604422 0.0000019067 -0.0007436936 0.0000000001 -0.0968568176 0.0000019067 
MEAS2D 84 2 0.7184093595 0.0012696527 0.2451290041 0.0001516103 
ODOM3D 85 0.0204978625 0.0000019224 -0.0016656998 0.0000000001 -0.1326102965 0.0000019224 
MEAS2D 85 2 0.7220644951 0.0010749153 0.3349634409 0.0002641789 
ODOM3D 86 0.0232961586 0.0000018901 -0.0020191896 0.0000000001 -0.1406501073 0.0000018901 
ODOM3D 87 0.0209340943 0.0000016318 -0.0008772538 0.0000000001 -0.0911313891 0.0000016318 
ODOM3D 88 0.0216395784 0.0000020273 -0.0015143185 0.0000000001 -0.1279316419 0.0000020273 
MEAS2D 88 3 1.0991654396 0.0032053532 -0.4353259504 0.0004253397 
ODOM3D 89 0.0202055250 0.0000019923 -0.0009339073 0.0000000001 -0.0986388843 0.0000019923 
MEAS2D 89 3 1.1075968742 0.0032840809 -0.2699674666 0.0002365983 
ODOM3D 90 0.0207985466 0.0000018828 -0.0007339025 0.0000000001 -0.0739032378 0.0000018828 
MEAS2D 90 3 1.1540201902 0.0033073241 -0.2044327408 0.0001303761 
ODOM3D 91 0.0243295218 0.0000020151 -0.0009131483 0.0000000001 -0.0772092848 0.0000020151 
MEAS2D 91 3 1.1685742140 0.0032990540 -0.1537447870 0.0000551764 
ODOM3D 92 0.0215362140 0.0000019206 -0.0006448196 0.0000000001 -0.0874109639 0.0000019206 
MEAS2D 92 3 1.0544447899 0.0032380698 -0.0386150554 0.0000042513 
ODOM3D 93 0.0207217682 0.0000017976 -0.0006818787 0.0000000001 -0.0795580508 0.0000017976 
MEAS2D 93 3 1.1816896200 0.0031554883 0.0389967524 0.0000037095 
ODOM3D 94 0.0200462265 0.0000018932 -0.0008885537 0.0000000001 -0.1020793373 0.0000018932 
MEAS2D 94 3 1.0573316813 0.0030025858 0.1379163712 0.0000487135 
ODOM3D 95 0.0214628607 0.0000016799 -0.0008455577 0.0000000001 -0.0677509179 0.0000016799 
MEAS2D 95 4 2.0157489777 0.0028014069 -0.8261489868 0.0001438862 
MEAS2D 95 3 1.1187150478 0.0028014069 0.2409968674 0.0001438862 
ODOM3D 96 0.0204959066 0.0000020354 -0.0006814295 0.0000000001 -0.0758592654 0.0000020354 
MEAS2D 96 4 2.0133099556 0.0026205506 -0.7232269645 0.0002468671 
MEAS2D 96 3 0.9543153048 0.0026205506 0.3006629944 0.0002468671 
ODOM3D 97 0.0221186112 0.0000020297 -0.0011513530 0.0000000001 -0.0922594140 0.0000020297 
MEAS2D 97 4 2.1221199036 0.0023532070 -0.4736196101 0.0004181078 
MEAS2D 97 3 0.9593089223 0.0023532070 0.4345787466 0.0004181078 
ODOM3D 98 0.0211801805 0.0000018567 -0.0007292088 0.0000000001 -0.0623995720 0.0000018567 
MEAS2D 98 4 2.1697084904 0.0021462021 -0.3636228442 0.0005583973 
MEAS2D 98 3 0.9910985827 0.0021462021 0.4817599356 0.0005583973 
ODOM3D 99 0.0208869868 0.0000017961 -0.0006562732 0.0000000001 -0.0532533923 0.0000017961 
MEAS2D 99 4 2.0875689983 0.0115438122 -0.2703596056 0.0001506878 
ODOM3D 100 0.0224782658 0.0000018254 -0.0008162272 0.0000000001 -0.0835107776 0.0000018254 
MEAS2D 100 4 2.2615683079 0.0113665359 -0.0921943784 0.0000233453 
ODOM3D 101 0.0240844933 0.0000018027 -0.0005944588 0.0000000001 -0.0426889501 0.0000018027 
MEAS2D 101 4 1.9681369066 0.0111380965 0.0250983182 0.0000015308 
ODOM3D 102 0.0204213925 0.0000018654 -0.0000805000 0.0000000001 -0.0047872082 0.0000018654 
MEAS2D 102 4 1.9203027487 0.0109908711 0.0319632180 0.0000028487 
ODOM3D 103 0.0211686215 0.0000018413 0.0000082468 0.0000000001 0.0008810093 0.0000018413 
MEAS2D 103 4 2.2463059425 0.0108464193 0.0322258510 0.0000026073 
ODOM3D 104 0.0218252250 0.0000016501 0.0000924597 0.0000000001 0.0247667800 0.0000016501 
MEAS2D 104 4 2.2278115749 0.0105753671 -0.0006947267 0.0000000010 
ODOM3D 105 0.0214144972 0.0000016688 0.0004980682 0.0000000001 0.0435945134 0.0000016688 
MEAS2D 105 4 2.2061991692 0.0103116147 -0.1131488830 0.0000344794 
ODOM3D 106 0.0229264009 0.0000017651 0.0002565382 0.0000000001 0.0130722324 0.0000017651 
MEAS2D 106 4 2.0495557785 0.0100545762 -0.1323073059 0.0000572445 
ODOM3D 107 0.0214696322 0.0000018715 -0.0000021167 0.0000000001 -0.0001859370 0.0000018715 
MEAS2D 107 4 2.0169901848 0.0099108713 -0.1558552980 0.0000569338 
ODOM3D 108 0.0203947808 0.0000016570 0.0000021849 0.0000000001 0.0005999714 0.0000016570 
MEAS2D 108 4 2.0192017555 0.0097720530 -0.1605270356 0.0000571862 
ODOM3D 109 0.0202680865 0.0000015851 -0.0001808308 0.0000000001 -0.0277003790 0.0000015851 
MEAS2D 109 4 1.9884500504 0.0096116317 -0.1184748113 0.0000362499 
ODOM3D 110 0.0201834529 0.0000017325 -0.0000896100 0.0000000001 -0.0044174364 0.0000017325 
MEAS2D 110 4 2.0810072422 0.0094416523 -0.0900986344 0.0000235820 
ODOM3D 111 0.0205822548 0.0000018489 -0.0000022781 0.0000000001 -0.0001999253 0.0000018489 
MEAS2D 111 4 2.1129729748 0.0093046064 -0.0940975547 0.0000233923 
ODOM3D 112 0.0240640899 0.0000017590 -0.0000030063 0.0000000001 -0.0002582243 0.0000017590 
MEAS2D 112 4 1.9307267666 0.0091256518 -0.0884605125 0.0000231198 
ODOM3D 113 0.0218111871 0.0000018750 -0.0000068015 0.0000000001 -0.0004518831 0.0000018750 
MEAS2D 113 4 1.7980053425 0.0089432262 -0.1028210223 0.0000226921 
ODOM3D 114 0.0207286795 0.0000018341 -0.0000173615 0.0000000001 -0.0014291283 0.0000018341 
MEAS2D 114 4 1.8653198481 0.0085089970 -0.0874938816 0.0000212290 
ODOM3D 115 0.0211818835 0.0000017756 -0.0000040382 0.0000000001 -0.0032993852 0.0000017756 
MEAS2D 115 4 1.7786545753 0.0083819423 -0.0889253244 0.0000202711 
ODOM3D 116 0.0203219532 0.0000019945 -0.0004919888 0.0000000001 -0.0525438057 0.0000019945 
MEAS2D 116 4 1.8354839087 0.0082280422 -0.0123090222 0.0000003481 
ODOM3D 117 0.0209082339 0.0000017363 -0.0013907106 0.0000000001 -0.1274505043 0.0000017363 
MEAS2D 117 4 1.7387328148 0.0078475317 0.2213090062 0.0001202517 
ODOM3D 118 0.0208040349 0.0000020215 -0.0016379803 0.0000000001 -0.1369249530 0.0000020215 
MEAS2D 118 4 1.6876150370 0.0072075194 0.4782838821 0.0005125587 
ODOM3D 119 0.0211435964 0.0000024085 -0.0007643726 0.0000000001 -0.0772303473 0.0000024085 
MEAS2D 119 4 1.7984114885 0.0067793108 0.5623233318 0.0008164470 
ODOM3D 120 0.0206428165 0.0000019600 -0.0011751639 0.0000000001 -0.0930692301 0.0000019600 
MEAS2D 120 4 1.4869852066 0.0137331104 0.7147547603 0.0030964464 
MEAS2D 120 5 2.3092174530 0.0137331104 -0.8743879795 0.0030964464 
MEAS2D 120 6 2.2385725975 0.0137331104 -1.0924690962 0.0030964464 
ODOM3D 121 0.0127949718 0.0000020859 -0.0014028508 0.0000000001 -0.1783296668 0.0000020859 
MEAS2D 121 5 2.3375244141 0.0155338123 -0.4578588307 0.0009367812 
MEAS2D 121 7 1.1187580824 0.0155338123 -0.4707492292 0.0009367812 
MEAS2D 121 6 2.3912646770 0.0155338123 -0.6677219272 0.0009367812 
ODOM3D 122 0.0217247689 0.0000019010 -0.0006950369 0.0000000001 -0.0830868557 0.0000019010 
MEAS2D 122 5 2.3331727982 0.0159987677 -0.1572500616 0.0002221113 
MEAS2D 122 7 1.2061980963 0.0159987677 -0.3739931583 0.0002221113 
MEAS2D 122 6 2.8010601997 0.0159987677 -0.2714653611 0.0002221113 
ODOM3D 123 0.0215360315 0.0000020328 -0.0006195136 0.0000000001 -0.0705291127 0.0000020328 
MEAS2D 123 5 2.3903038502 0.0160017293 0.0003730711 0.0000374175 
MEAS2D 123 7 1.1054974794 0.0160017293 -0.2891154289 0.0000374175 
MEAS2D 123 6 2.4154665470 0.0160017293 -0.1263242960 0.0000374175 
ODOM3D 124 0.0234339832 0.0000020477 -0.0012679263 0.0000000001 -0.1211763278 0.0000020477 
MEAS2D 124 5 2.4480392933 0.0156604741 0.2687641084 0.0000722030 
MEAS2D 124 7 1.1883139610 0.0156604741 -0.1680614799 0.0000722030 
MEAS2D 124 6 2.5060102940 0.0156604741 0.1735304296 0.0000722030 
ODOM3D 125 0.0229565370 0.0000021075 -0.0024821681 0.0000000001 -0.1763704591 0.0000021075 
MEAS2D 125 5 2.1078500748 0.0142773511 0.7229905128 0.0010928363 
MEAS2D 125 7 1.0190376043 0.0142773511 0.0720448717 0.0010928363 
MEAS2D 125 6 2.3211205006 0.0142773511 0.6853765845 0.0010928363 
ODOM3D 126 0.0200828865 0.0000020045 -0.0011825317 0.0000000001 -0.1347252042 0.0000020045 
MEAS2D 126 5 2.0656762123 0.0131509891 0.9625796080 0.0020464386 
MEAS2D 126 7 1.0636050701 0.0131509891 0.1713626385 0.0020464386 
MEAS2D 126 6 2.2624769211 0.0131509891 0.8956376314 0.0020464386 
ODOM3D 127 0.0227610030 0.0000019132 -0.0016107250 0.0000000001 -0.1322445255 0.0000019132 
MEAS2D 127 7 0.9529180527 0.0026933360 0.2959809601 0.0002143543 
ODOM3D 128 0.0209393620 0.0000021347 -0.0013214445 0.0000000001 -0.1361709180 0.0000021347 
MEAS2D 128 7 0.9959775209 0.0022925111 0.4547950923 0.0004733999 
ODOM3D 129 0.0214993858 0.0000018344 -0.0006044758 0.0000000001 -0.0580388340 0.0000018344 
MEAS2D 129 7 0.8944553733 0.0021362631 0.4940836132 0.0005620910 
ODOM3D 130 0.0206920843 0.0000021785 -0.0005092165 0.0000000001 -0.0453197138 0.0000021785 
ODOM3D 131 0.0218566680 0.0000016924 -0.0003506778 0.0000000001 -0.0249340050 0.0000016924 
ODOM3D 132 0.0219699522 0.0000017267 0.0000098441 0.0000000001 0.0007276251 0.0000017267 
ODOM3D 133 0.0215905629 0.0000018431 0.0000090751 0.0000000001 0.0008496284 0.0000018431 
ODOM3D 134 0.0206893087 0.0000018603 0.0000063135 0.0000000001 0.0007361768 0.0000018603 
ODOM3D 135 0.0200375157 0.0000018630 0.0000027544 0.0000000001 0.0001038816 0.0000018630 
ODOM3D 136 0.0203988594 0.0000018607 -0.0000855013 0.0000000001 -0.0063983848 0.0000018607 
ODOM3D 137 0.0204434593 0.0000018470 -0.0000110440 0.0000000001 -0.0010772545 0.0000018470 
ODOM3D 138 0.0212486442 0.0000018342 0.0000026068 0.0000000001 0.0002815476 0.0000018342 
ODOM3D 139 0.0214561166 0.0000019237 -0.0000597465 0.0000000001 -0.0211610905 0.0000019237 
ODOM3D 140 0.0207224251 0.0000017947 -0.0005170276 0.0000000001 -0.0534889337 0.0000017947 
ODOM3D 141 0.0229949992 0.0000018670 -0.0000717047 0.0000000001 -0.0037957564 0.0000018670 
ODOM3D 142 0.0200329934 0.0000018243 -0.0000802804 0.0000000001 -0.0015398432 0.0000018243 
ODOM3D 143 0.0226239355 0.0000017513 0.0007723012 0.0000000001 0.0592013592 0.0000017513 
ODOM3D 144 0.0233574793 0.0000016681 0.0007296394 0.0000000001 0.0603601952 0.0000016681 
ODOM3D 145 0.0208735240 0.0000018572 0.0000568928 0.0000000001 0.0030200164 0.0000018572 
ODOM3D 146 0.0211570910 0.0000017807 0.0000014408 0.0000000001 0.0139362748 0.0000017807 
ODOM3D 147 0.0213902144 0.0000017189 0.0007557541 0.0000000001 0.0480397924 0.0000017189 
ODOM3D 148 0.0208355959 0.0000017327 0.0000054478 0.0000000001 0.0005832011 0.0000017327 
ODOM3D 149 0.0200255445 0.0000017415 0.0000090759 0.0000000001 0.0014041740 0.0000017415 
ODOM3D 150 0.0219512000 0.0000017462 0.0000064373 0.0000000001 0.0005489398 0.0000017462 
ODOM3D 151 0.0213823065 0.0000017462 -0.0000349220 0.0000000001 -0.0034696550 0.0000017462 
